11111110110110001010111011110011001111111
10000010110000001000010101110100101000001
10111010010001010011100101001100001011101
10111010111111100110101101111100101011101
10111010110011110101000101111000001011101
10000010111001100010001101111111101000001
11111110101010101010101010101010101111111
00000000011001001100110110111111000000000
00010010010011010101110000011000100111011
10001001000111001101001010001100101001111
11100011100100110000101101101111011011100
11001101000011011001000110111010000010111
11001010110100000011101101100101111001010
01011100000001011010100010011010110001110
01001011000001110111101111000001001100011
11010000010111000110011000110110101010011
10000110010101011100111011000110100101011
10010001001111101111000001001100001100111
01111111111011101001111101101100111011011
11011101100001110001100100101001100101000
11011010010110000111110011001101111100110
01110101111111100100001111001000111000111
01110110011011010011001011000011010110110
01101001110101100011110110100001100010101
00011011010110100000011010001101111001001
10000000010110000111010100100101010001010
10000011011010011010100001001100111110011
00000100110000000111100111011100100000000
01100110010000001010010100000110100000001
01011001111111010111100111111101111100111
10110010101101101000000110111100000110101
00010101100100101111100010100111110111011
10110010100010001010110000110001111110111
00000000101001001100111000101101100011111
11111110011001001000110011000010101010110
10000010010101011111000010100011100010110
10111010001111110101101011001010111111000
10111010101101100010110000000010111011000
10111010000101110010011101000110000010001
10000010000101001101111110111111100100010
11111110010100101010101011011100101111010
