111111100100001110110111001111111
100000100010000111000001101000001
101110100101001001011011001011101
101110100100110101010001001011101
101110100011100011010101001011101
100000101100000000001100101000001
111111101010101010101010101111111
000000000010100001111111000000000
100101101010111100010100110100000
011011010110100010101000111100011
111101100111100011010010100110101
110011000100001101000110100011011
000010100001100100001100101001011
000011011110010111000000101011111
110001100100000000101101011111110
100110001010110101001111001110010
001001110101011001001110001011010
011011000100001010100101100101000
011001101011001010101000010000111
000001010000100011111111011100010
011101110011111011110100110000001
010011000100011111100000111000011
111100100110100101110010101011101
010110000111111010110101000011000
101011111000000111001100111110001
000000001100001000111011100011001
111111100101111000001010101011110
100000101101101110010110100010001
101110100001010110001110111111001
101110101001110100000100001010000
101110100100010000000000000010001
100000100100110111001110100001000
111111101100111010110100101011010
